10;10
0;1;1;0
1;1;0;0
2;1;0;0
3;1;0;0
4;1;4;0
5;1;4;0
6;1;0;0
7;1;0;0
8;1;0;0
9;1;1;0
10;1;0;0
11;1;0;0
12;1;2;1
13;1;0;0
14;1;0;0
15;1;0;0
16;1;0;0
17;1;2;0
18;1;0;0
19;1;0;0
20;5;0;0
21;5;0;0
22;5;0;0
23;5;0;0
24;5;0;0
25;5;0;0
26;5;0;0
27;5;0;0
28;5;0;0
29;5;0;0
30;5;0;0
31;5;0;0
32;5;0;0
33;5;3;0
34;5;0;0
35;5;0;0
36;5;3;0
37;5;0;0
38;5;0;0
39;5;0;0
40;2;0;0
41;2;0;0
42;2;0;0
43;2;0;0
44;2;0;0
45;2;0;0
46;2;0;0
47;2;0;0
48;2;0;0
49;2;0;0
50;2;4;0
51;2;0;0
52;2;3;0
53;2;0;0
54;2;0;0
55;2;0;0
56;2;0;0
57;2;3;0
58;2;0;0
59;2;4;0
60;3;0;0
61;3;0;0
62;3;0;0
63;3;0;0
64;3;0;0
65;3;0;0
66;3;0;0
67;3;0;0
68;3;0;0
69;3;0;0
70;3;0;0
71;3;0;0
72;3;0;0
73;3;3;0
74;3;0;0
75;3;0;0
76;3;3;0
77;3;0;0
78;3;0;0
79;3;0;0
80;4;0;0
81;4;0;0
82;4;2;0
83;4;0;0
84;4;0;0
85;4;0;0
86;4;0;0
87;4;2;0
88;4;0;0
89;4;0;0
90;4;1;0
91;4;0;0
92;4;0;0
93;4;0;0
94;4;4;0
95;4;4;0
96;4;0;0
97;4;0;0
98;4;0;0
99;4;1;0
0;4
0;33
0;50
4;5
4;59
4;94
5;9
5;50
5;95
9;36
9;59
12;17
12;52
17;57
33;36
33;73
33;99
36;76
36;90
50;52
50;90
50;94
52;57
52;82
57;59
57;87
59;95
59;99
73;76
73;82
73;95
76;87
76;94
82;87
90;94
94;95
95;99
