8;9
0;1;1;0
1;1;0;0
2;3;3;0
3;3;0;0
4;3;2;0
5;4;0;0
6;4;1;0
7;4;3;0
8;1;3;0
9;3;0;0
10;3;1;0
11;3;0;0
12;3;0;0
13;4;2;0
14;2;0;0
15;2;1;0
16;3;0;0
17;3;0;0
18;4;0;0
19;4;1;0
20;4;0;0
21;4;0;0
22;2;0;0
23;2;0;0
24;5;2;0
25;5;3;1
26;5;0;0
27;5;0;0
28;6;0;0
29;6;2;0
30;6;3;0
31;6;2;0
32;5;1;0
33;5;0;0
34;5;1;0
35;5;0;0
36;8;0;0
37;6;3;0
38;6;0;0
39;6;0;0
40;5;0;0
41;5;0;0
42;5;0;0
43;8;2;0
44;8;2;0
45;6;0;0
46;6;1;2
47;6;3;0
48;7;0;0
49;7;1;0
50;7;0;0
51;8;3;0
52;8;0;0
53;8;0;0
54;8;1;0
55;8;0;0
56;7;0;0
57;7;3;0
58;7;2;0
59;8;0;0
60;8;0;0
61;8;2;0
62;8;0;0
63;8;2;0
64;7;2;0
65;7;0;0
66;7;0;0
67;8;0;0
68;8;1;0
69;8;0;0
70;8;3;0
71;8;2;0
0;2
0;8
0;54
2;4
2;10
2;29
4;6
4;13
4;25
4;44
6;7
6;13
6;15
6;30
7;15
7;49
8;10
8;24
8;44
10;13
10;19
10;24
10;34
13;15
13;29
13;31
13;34
15;29
15;31
19;37
19;43
24;25
24;32
24;51
25;29
25;32
25;34
25;49
29;30
29;37
29;43
29;47
30;31
30;37
30;46
31;47
32;34
32;64
32;68
34;37
34;43
34;58
37;44
37;46
37;61
43;44
43;51
43;57
43;61
44;46
44;51
44;68
44;71
46;47
46;54
47;54
47;63
49;51
49;57
49;58
51;54
51;58
54;61
54;63
54;70
57;58
57;64
58;61
61;63
61;68
61;70
63;70
63;71
64;68
68;70
70;71
