8;8
0;1;1;1
1;1;0;0
2;1;0;0
3;1;0;0
4;1;0;0
5;2;0;0
6;2;0;0
7;2;1;0
8;1;0;0
9;1;0;0
10;1;0;0
11;1;0;0
12;1;0;0
13;2;0;0
14;2;0;0
15;2;0;0
16;3;0;0
17;3;0;0
18;1;0;0
19;1;0;0
20;1;0;0
21;2;0;0
22;2;0;0
23;2;0;0
24;3;0;0
25;3;0;0
26;1;0;0
27;1;0;0
28;1;0;0
29;2;3;0
30;2;1;0
31;2;2;0
32;3;0;0
33;3;0;0
34;1;0;0
35;1;0;0
36;1;0;0
37;2;2;0
38;2;1;0
39;2;2;0
40;3;2;0
41;3;0;0
42;3;0;0
43;4;0;0
44;4;0;0
45;2;0;0
46;2;0;0
47;2;3;0
48;3;0;0
49;3;0;0
50;3;0;0
51;4;0;0
52;4;0;0
53;4;0;0
54;4;0;0
55;4;0;0
56;3;3;2
57;3;0;0
58;3;0;0
59;4;0;0
60;4;0;0
61;4;0;0
62;4;0;0
63;4;1;0
0;7
0;40
0;63
7;31
7;56
29;30
29;37
29;38
30;31
30;37
30;38
30;39
31;38
31;39
37;38
38;39
38;47
39;47
40;47
40;56
47;63
56;63
